0.7922869715379888
0.40208933620159815
1.0299974530755047
0.8920508314988815
0.8145435110843227
0.6989258381717653
0.6004397552774412
0.7144794422438281
0.6953406752813842
0.7311010528672841
0.6606529935507146
0.6714576142971964
0.6647076641865404
0.674566214363387
0.6983159188690844
0.3574857687534272
0.6238756284758898
0.9912184547148524
1.0815117745023874
0.6461181717176492
0.5102110472318094
0.6527273352323768
0.6170771325232849
0.6531228085067975
1.6760922424686564
0.9285546936315066
0.9995800501158336
1.3251837116448395
2.0164721737742894
0.6940185901375819
1.0510012689707344
0.8375361893054705
0.4344718717791122
0.31344536712212184
0.3081101700865207
0.792195640868044
0.7835704810599007
0.4602946394969505
0.5660147082880241
1.0279217164673062
1.039153958914472
0.2680154153467922
0.893707535577514
0.6072404649898351
0.7901704811829227
